image_width: 640
image_height: 480
camera_name: head_camera
camera_matrix:
  rows: 3
  cols: 3
  data: [766.081513, 0.000000, 350.101126, 0.000000, 768.176647, 215.990154, 0.000000, 0.000000, 1.000000]
distortion_model: plumb_bob
distortion_coefficients:
  rows: 1
  cols: 5
  data: [0.076759, -0.062084, -0.002796, 0.002087, 0.000000]
rectification_matrix:
  rows: 3
  cols: 3
  data: [1.000000, 0.000000, 0.000000, 0.000000, 1.000000, 0.000000, 0.000000, 0.000000, 1.000000]
projection_matrix:
  rows: 3
  cols: 4
  data: [778.555725, 0.000000, 350.561746, 0.000000, 0.000000, 780.271362, 215.286129, 0.000000, 0.000000, 0.000000, 1.000000, 0.000000]
